school_id,post_link
1610,https://recruiting.ultipro.ca/GOV5000GOVE/JobBoard/b0aac1dd-538d-4eb2-91aa-e8ce062974c9/OpportunityDetail?opportunityId=c49c245b-90a0-43bb-85d6-d48bd0723e54
1610,https://recruiting.ultipro.ca/GOV5000GOVE/JobBoard/b0aac1dd-538d-4eb2-91aa-e8ce062974c9/OpportunityDetail?opportunityId=5137b91a-d44c-493d-926c-b64dc4b8c342
1610,https://recruiting.ultipro.ca/GOV5000GOVE/JobBoard/b0aac1dd-538d-4eb2-91aa-e8ce062974c9/OpportunityDetail?opportunityId=c2cf766c-c712-4b35-ad07-129a86f37579
1610,https://recruiting.ultipro.ca/GOV5000GOVE/JobBoard/b0aac1dd-538d-4eb2-91aa-e8ce062974c9/OpportunityDetail?opportunityId=78d5ee77-b789-41ba-a80b-df8ef5399ad2
1610,https://recruiting.ultipro.ca/GOV5000GOVE/JobBoard/b0aac1dd-538d-4eb2-91aa-e8ce062974c9/OpportunityDetail?opportunityId=9343bc12-9114-418d-95f6-8dc164eab19b
1610,https://recruiting.ultipro.ca/GOV5000GOVE/JobBoard/b0aac1dd-538d-4eb2-91aa-e8ce062974c9/OpportunityDetail?opportunityId=456307b0-d071-407e-99ab-b918ed93620f
1610,https://recruiting.ultipro.ca/GOV5000GOVE/JobBoard/b0aac1dd-538d-4eb2-91aa-e8ce062974c9/OpportunityDetail?opportunityId=b4e8bad9-d527-495d-b8a4-6ec2c5312a84
1610,https://recruiting.ultipro.ca/GOV5000GOVE/JobBoard/b0aac1dd-538d-4eb2-91aa-e8ce062974c9/OpportunityDetail?opportunityId=118a2d53-40e6-491f-a7af-f1a523852680
1610,https://recruiting.ultipro.ca/GOV5000GOVE/JobBoard/b0aac1dd-538d-4eb2-91aa-e8ce062974c9/OpportunityDetail?opportunityId=1eb792a1-4a6a-43b4-958e-b884f1d943ac
1610,https://recruiting.ultipro.ca/GOV5000GOVE/JobBoard/b0aac1dd-538d-4eb2-91aa-e8ce062974c9/OpportunityDetail?opportunityId=fd774811-e53c-4933-941f-2cb21faac998
1610,https://recruiting.ultipro.ca/GOV5000GOVE/JobBoard/b0aac1dd-538d-4eb2-91aa-e8ce062974c9/OpportunityDetail?opportunityId=33c00e5f-f8d4-4601-bd19-6649fdcbb941
1610,https://recruiting.ultipro.ca/GOV5000GOVE/JobBoard/b0aac1dd-538d-4eb2-91aa-e8ce062974c9/OpportunityDetail?opportunityId=34f3e530-63b5-48f9-8fa2-f0f45ce3f780
1610,https://recruiting.ultipro.ca/GOV5000GOVE/JobBoard/b0aac1dd-538d-4eb2-91aa-e8ce062974c9/OpportunityDetail?opportunityId=aacdcca8-053f-4b30-b571-59ff29807e63
1610,https://recruiting.ultipro.ca/GOV5000GOVE/JobBoard/b0aac1dd-538d-4eb2-91aa-e8ce062974c9/OpportunityDetail?opportunityId=b90b511d-b157-4fb6-9782-7b25c4a6f542
1610,https://recruiting.ultipro.ca/GOV5000GOVE/JobBoard/b0aac1dd-538d-4eb2-91aa-e8ce062974c9/OpportunityDetail?opportunityId=c0a68fb7-23eb-4d94-bba7-0a3923b05254
1610,https://recruiting.ultipro.ca/GOV5000GOVE/JobBoard/b0aac1dd-538d-4eb2-91aa-e8ce062974c9/OpportunityDetail?opportunityId=a8f1efd3-6d28-45b1-b9fe-7b6499f252ac
1610,https://recruiting.ultipro.ca/GOV5000GOVE/JobBoard/b0aac1dd-538d-4eb2-91aa-e8ce062974c9/OpportunityDetail?opportunityId=b68f36fd-88ab-4692-bd5e-11083d72f2ca
1610,https://recruiting.ultipro.ca/GOV5000GOVE/JobBoard/b0aac1dd-538d-4eb2-91aa-e8ce062974c9/OpportunityDetail?opportunityId=ea769db9-1182-48d5-bc02-9ef34f264704
1610,https://recruiting.ultipro.ca/GOV5000GOVE/JobBoard/b0aac1dd-538d-4eb2-91aa-e8ce062974c9/OpportunityDetail?opportunityId=fe0995dd-023e-4039-a2fa-4908f1feae10
1610,https://recruiting.ultipro.ca/GOV5000GOVE/JobBoard/b0aac1dd-538d-4eb2-91aa-e8ce062974c9/OpportunityDetail?opportunityId=ac8fa21c-b498-4ebb-8f15-ba931808fd1c
1610,https://recruiting.ultipro.ca/GOV5000GOVE/JobBoard/b0aac1dd-538d-4eb2-91aa-e8ce062974c9/OpportunityDetail?opportunityId=5bd77e8b-630b-4d51-bd67-3577611d4802
1610,https://recruiting.ultipro.ca/GOV5000GOVE/JobBoard/b0aac1dd-538d-4eb2-91aa-e8ce062974c9/OpportunityDetail?opportunityId=ced13d54-5f09-4511-b1e3-ed6483ebd14f
1610,https://recruiting.ultipro.ca/GOV5000GOVE/JobBoard/b0aac1dd-538d-4eb2-91aa-e8ce062974c9/OpportunityDetail?opportunityId=13a27892-94cd-4997-afa6-fcd0c4571b7f
1610,https://recruiting.ultipro.ca/GOV5000GOVE/JobBoard/b0aac1dd-538d-4eb2-91aa-e8ce062974c9/OpportunityDetail?opportunityId=42dda4c0-5b75-45cf-8c76-7a0fc0210fb5
1610,https://recruiting.ultipro.ca/GOV5000GOVE/JobBoard/b0aac1dd-538d-4eb2-91aa-e8ce062974c9/OpportunityDetail?opportunityId=f44af8c8-e42e-4cd7-9e8f-900c095bf0cb
1610,https://recruiting.ultipro.ca/GOV5000GOVE/JobBoard/b0aac1dd-538d-4eb2-91aa-e8ce062974c9/OpportunityDetail?opportunityId=f2e15090-7352-4757-9a86-871976a8583c
1610,https://recruiting.ultipro.ca/GOV5000GOVE/JobBoard/b0aac1dd-538d-4eb2-91aa-e8ce062974c9/OpportunityDetail?opportunityId=9bf351bb-b05c-4d40-8aad-4fc7712080ec
1610,https://recruiting.ultipro.ca/GOV5000GOVE/JobBoard/b0aac1dd-538d-4eb2-91aa-e8ce062974c9/OpportunityDetail?opportunityId=4fba390a-f399-411f-bea1-c30d54132fc2
1610,https://recruiting.ultipro.ca/GOV5000GOVE/JobBoard/b0aac1dd-538d-4eb2-91aa-e8ce062974c9/OpportunityDetail?opportunityId=36b904d2-2f90-4ac5-9fcd-c9efca980e3f
1610,https://recruiting.ultipro.ca/GOV5000GOVE/JobBoard/b0aac1dd-538d-4eb2-91aa-e8ce062974c9/OpportunityDetail?opportunityId=bbc133cd-99f9-447a-bc57-b57ecb264afa
1610,https://recruiting.ultipro.ca/GOV5000GOVE/JobBoard/b0aac1dd-538d-4eb2-91aa-e8ce062974c9/OpportunityDetail?opportunityId=b820e371-807f-4b35-99cd-cd19637595cb
1610,https://recruiting.ultipro.ca/GOV5000GOVE/JobBoard/b0aac1dd-538d-4eb2-91aa-e8ce062974c9/OpportunityDetail?opportunityId=58568077-03fd-4fc8-83e8-6766810706fd
1610,https://recruiting.ultipro.ca/GOV5000GOVE/JobBoard/b0aac1dd-538d-4eb2-91aa-e8ce062974c9/OpportunityDetail?opportunityId=6ef47696-cfb8-44fa-a4db-4db7152ac790
1610,https://recruiting.ultipro.ca/GOV5000GOVE/JobBoard/b0aac1dd-538d-4eb2-91aa-e8ce062974c9/OpportunityDetail?opportunityId=d811e761-b87d-4b36-9dd1-9c6b8761ce81
1610,https://recruiting.ultipro.ca/GOV5000GOVE/JobBoard/b0aac1dd-538d-4eb2-91aa-e8ce062974c9/OpportunityDetail?opportunityId=5db2270b-cb6d-4368-af3e-3b4b5e471f16
1610,https://recruiting.ultipro.ca/GOV5000GOVE/JobBoard/b0aac1dd-538d-4eb2-91aa-e8ce062974c9/OpportunityDetail?opportunityId=f333bdb0-5949-404b-a41c-7ce74040bc03
1610,https://recruiting.ultipro.ca/GOV5000GOVE/JobBoard/b0aac1dd-538d-4eb2-91aa-e8ce062974c9/OpportunityDetail?opportunityId=a536ab76-d2a1-4d52-ab02-06f5298d91c1
1610,https://recruiting.ultipro.ca/GOV5000GOVE/JobBoard/b0aac1dd-538d-4eb2-91aa-e8ce062974c9/OpportunityDetail?opportunityId=cd50820e-69f0-4a86-934a-e3116f661bfc
1610,https://recruiting.ultipro.ca/GOV5000GOVE/JobBoard/b0aac1dd-538d-4eb2-91aa-e8ce062974c9/OpportunityDetail?opportunityId=901ef504-acfa-440b-9750-ebde10af6ec6
