school_id,post_link
1362,https://sulross.peopleadmin.com/postings/9443
1362,https://sulross.peopleadmin.com/postings/9572
1362,https://sulross.peopleadmin.com/postings/9369
1362,https://sulross.peopleadmin.com/postings/9639
1362,https://sulross.peopleadmin.com/postings/9511
1362,https://sulross.peopleadmin.com/postings/9445
1362,https://sulross.peopleadmin.com/postings/9579
1362,https://sulross.peopleadmin.com/postings/9530
1362,https://sulross.peopleadmin.com/postings/9384
1362,https://sulross.peopleadmin.com/postings/9642
1362,https://sulross.peopleadmin.com/postings/9474
1362,https://sulross.peopleadmin.com/postings/8985
1362,https://sulross.peopleadmin.com/postings/9582
1362,https://sulross.peopleadmin.com/postings/9535
1362,https://sulross.peopleadmin.com/postings/9395
1362,https://sulross.peopleadmin.com/postings/9652
1362,https://sulross.peopleadmin.com/postings/9484
1362,https://sulross.peopleadmin.com/postings/9265
1362,https://sulross.peopleadmin.com/postings/9591
1362,https://sulross.peopleadmin.com/postings/9541
1362,https://sulross.peopleadmin.com/postings/9406
1362,https://sulross.peopleadmin.com/postings/9663
1362,https://sulross.peopleadmin.com/postings/9595
1362,https://sulross.peopleadmin.com/postings/9491
1362,https://sulross.peopleadmin.com/postings/9329
1362,https://sulross.peopleadmin.com/postings/9554
1362,https://sulross.peopleadmin.com/postings/9418
1362,https://sulross.peopleadmin.com/postings/9667
1362,https://sulross.peopleadmin.com/postings/9342
1362,https://sulross.peopleadmin.com/postings/9602
1362,https://sulross.peopleadmin.com/postings/9494
1362,https://sulross.peopleadmin.com/postings/9669
1362,https://sulross.peopleadmin.com/postings/9556
1362,https://sulross.peopleadmin.com/postings/9425
1362,https://sulross.peopleadmin.com/postings/9347
1362,https://sulross.peopleadmin.com/postings/9608
1362,https://sulross.peopleadmin.com/postings/9500
1362,https://sulross.peopleadmin.com/postings/9562
1362,https://sulross.peopleadmin.com/postings/9431
1362,https://sulross.peopleadmin.com/postings/9354
1362,https://sulross.peopleadmin.com/postings/9629
1362,https://sulross.peopleadmin.com/postings/9506
1362,https://sulross.peopleadmin.com/postings/9439
1362,https://sulross.peopleadmin.com/postings/9568
1362,https://sulross.peopleadmin.com/postings/9367
1362,https://sulross.peopleadmin.com/postings/9637
1362,https://sulross.peopleadmin.com/postings/9510
1362,https://sulross.peopleadmin.com/postings/9444
1362,https://sulross.peopleadmin.com/postings/9575
1362,https://sulross.peopleadmin.com/postings/9524
1362,https://sulross.peopleadmin.com/postings/9383
1362,https://sulross.peopleadmin.com/postings/9641
1362,https://sulross.peopleadmin.com/postings/9446
1362,https://sulross.peopleadmin.com/postings/9580
1362,https://sulross.peopleadmin.com/postings/9533
1362,https://sulross.peopleadmin.com/postings/9394
1362,https://sulross.peopleadmin.com/postings/9644
1362,https://sulross.peopleadmin.com/postings/9475
1362,https://sulross.peopleadmin.com/postings/9007
1362,https://sulross.peopleadmin.com/postings/9588
1362,https://sulross.peopleadmin.com/postings/9536
1362,https://sulross.peopleadmin.com/postings/9397
1362,https://sulross.peopleadmin.com/postings/9653
1362,https://sulross.peopleadmin.com/postings/9593
1362,https://sulross.peopleadmin.com/postings/9487
1362,https://sulross.peopleadmin.com/postings/9327
1362,https://sulross.peopleadmin.com/postings/9543
1362,https://sulross.peopleadmin.com/postings/9416
1362,https://sulross.peopleadmin.com/postings/9664
1362,https://sulross.peopleadmin.com/postings/9599
1362,https://sulross.peopleadmin.com/postings/9493
1362,https://sulross.peopleadmin.com/postings/9330
1362,https://sulross.peopleadmin.com/postings/9555
1362,https://sulross.peopleadmin.com/postings/9424
1362,https://sulross.peopleadmin.com/postings/9668
1362,https://sulross.peopleadmin.com/postings/9346
1362,https://sulross.peopleadmin.com/postings/9605
1362,https://sulross.peopleadmin.com/postings/9498
1362,https://sulross.peopleadmin.com/postings/9670
1362,https://sulross.peopleadmin.com/postings/9561
1362,https://sulross.peopleadmin.com/postings/9428
1362,https://sulross.peopleadmin.com/postings/9352
1362,https://sulross.peopleadmin.com/postings/9620
1362,https://sulross.peopleadmin.com/postings/9504
1362,https://sulross.peopleadmin.com/postings/9433
1362,https://sulross.peopleadmin.com/postings/9567
1362,https://sulross.peopleadmin.com/postings/9361
1362,https://sulross.peopleadmin.com/postings/9635
1362,https://sulross.peopleadmin.com/postings/9508
1362,https://sulross.peopleadmin.com/postings/9682
1362,https://sulross.peopleadmin.com/postings/9672
1362,https://sulross.peopleadmin.com/postings/9676
1362,https://sulross.peopleadmin.com/postings/9680
1362,https://sulross.peopleadmin.com/postings/9686
1362,https://sulross.peopleadmin.com/postings/9673
1362,https://sulross.peopleadmin.com/postings/9678
1362,https://sulross.peopleadmin.com/postings/9690
1362,https://sulross.peopleadmin.com/postings/9694
1362,https://sulross.peopleadmin.com/postings/9696
1362,https://sulross.peopleadmin.com/postings/9689
1362,https://sulross.peopleadmin.com/postings/9692
1362,https://sulross.peopleadmin.com/postings/9695
1362,https://sulross.peopleadmin.com/postings/9688
1362,https://sulross.peopleadmin.com/postings/9700
1362,https://sulross.peopleadmin.com/postings/9704
1362,https://sulross.peopleadmin.com/postings/9708
1362,https://sulross.peopleadmin.com/postings/9697
1362,https://sulross.peopleadmin.com/postings/9702
1362,https://sulross.peopleadmin.com/postings/9705
1362,https://sulross.peopleadmin.com/postings/9710
1362,https://sulross.peopleadmin.com/postings/9713
1362,https://sulross.peopleadmin.com/postings/9717
1362,https://sulross.peopleadmin.com/postings/9716
1362,https://sulross.peopleadmin.com/postings/9719
1362,https://sulross.peopleadmin.com/postings/9721
1362,https://sulross.peopleadmin.com/postings/9722
1362,https://sulross.peopleadmin.com/postings/9725
1362,https://sulross.peopleadmin.com/postings/9724
1362,https://sulross.peopleadmin.com/postings/9727
1362,https://sulross.peopleadmin.com/postings/9732
1362,https://sulross.peopleadmin.com/postings/9735
1362,https://sulross.peopleadmin.com/postings/9728
1362,https://sulross.peopleadmin.com/postings/9733
1362,https://sulross.peopleadmin.com/postings/9737
1362,https://sulross.peopleadmin.com/postings/9739
